46.48530717270616 638.4739947805996 214.9991312060673 15.016731654109893
382.2581866649375 361.51775435473996 811.542055339205 17.906117107174303
181.05887752617244 592.1167831060013 33.73631870948335 47.065831143408
106.75298467225657 873.4646966519861 137.36712629021298 87.13856425767315
283.96904456468206 151.76794164015973 561.6849807855665 87.81816662684825
400.7044151889885 118.04084109934988 918.5888663655301 66.08882316382271
103.56621465850236 583.1562645361045 439.4839509158853 36.08104865128563
374.02183484663277 872.441603326249 584.1565044373808 88.26401988050429
653.1461673532957 710.9074116568637 423.89563156937925 5.986796458831489
830.6330373868543 658.1725347212267 533.4728121667679 36.03422543268836
86.0366270534222 706.7996389301696 905.8926027590118 85.87174805310552
826.1638790206923 941.2253800939774 435.38769040562073 40.12307872543851
399.7603769746463 620.6586152834403 811.7471861060372 5.72727985852528
293.6608491983601 243.1165527537952 455.5303710002866 61.79241257756494
26.731908542887204 46.25565757928063 543.4875445603903 11.695437389168594
650.0461831759752 873.0766717483883 36.861309497851266 16.69250974184867
216.31955740474552 314.7238769485653 769.0766767000242 71.26945925560791
286.3689729918644 612.3678240745384 435.17803480655624 8.900510643672666
260.09363142722964 285.9828558413846 332.8128703712572 74.91495935534235
124.3569595765217 923.2638583499631 103.26112373433271 39.142825985656515
878.9343436923576 557.4982302311334 189.06237283919748 77.05187692729315
149.5284590642183 38.774344938591 718.4962398893039 41.006203687552315
159.92132530575265 692.0776710833915 535.1978465533932 79.02299563312583
109.6054980180966 104.45805260145191 323.26883507068794 52.877293254393074
602.3649885748836 549.1635314968014 956.3343994841076 27.862911533491864
624.0799686607272 892.7625538799521 974.2407453116391 78.33447144276957
751.259091390049 208.00383505782582 999.3598338637445 55.42459065781077
199.611293416732 15.475071955846964 259.62168828603296 20.751612053279278
395.0353853783908 46.161327551620836 595.3859133420233 77.31332004984132
269.5514708625328 185.9818828140183 637.932576246604 21.520882914238115
502.0868832877312 322.4926205235437 993.2658082827601 46.30448582851767
822.0391536771812 343.85111654661983 19.115706317143765 56.25175293617595
454.53216677061334 895.3312548564293 65.34619509455486 7.018944034811481
804.4146796476502 610.0814318014535 497.1589012146943 77.778669139741
641.0155745282929 751.9132012154638 563.9311480281708 95.80048911951515
679.5649870527955 101.51712129932878 681.4430040920682 21.620595925353804
906.4528217853477 702.5151239119634 646.0919309815712 15.900960041969181
611.04158420264 768.7131350114477 515.8939082775304 39.24933475572557
119.21221904238143 568.443165723971 882.6127802161692 81.46451290504925
638.6270955410132 449.115162525778 998.5071978159308 94.41230898530529
679.1304857831985 967.6673331261326 774.4884259696095 52.89768576749122
667.6574049567118 565.3549391605616 346.76907997422114 96.1099714906221
41.28001965383932 14.878574930910272 108.43017856186843 99.85765840607831
451.738254452169 797.0501183457668 80.85377620418276 60.36377458416244
42.77151132895496 808.9309988437569 526.053517202903 24.854257426356906
512.8772281432126 406.23788152428176 869.9756089795014 3.9508267575516953
598.1343969665602 470.6885491444429 84.72939276807567 40.758401857703596
232.59508143223306 14.89473285258458 898.9472291833648 46.37286838885717
488.64879368925705 340.4908745492404 895.7942689799854 69.77221666641373
606.2074155521385 345.7873249689922 255.51157420164995 23.240587303463002
807.354883811496 89.97121004130382 13.412695803869168 64.02283436681763
506.33454225858753 348.88921121525294 947.6476268996516 52.75228161434903
501.0050840447773 411.1809642143187 691.5643787398827 90.36611931378138
552.024179340804 686.344464183385 326.830519070487 22.49177528760121
905.3527307551926 27.39764570686798 140.42299051710384 63.20157021152751
379.4714460630001 884.4172565429106 178.68378207104396 10.484202882865556
637.6464995213303 685.7046525872089 314.2989696682432 13.060004901238687
84.57533791990213 886.3206702129321 37.19821585252569 95.98623917263825
322.64807493891846 775.3578761989149 560.7803348367528 38.219059347381865
362.7291739462213 370.4546581828034 979.6828413326989 67.49158761711402
276.7516403417234 199.7748780476518 612.328181098986 4.015924041534291
561.3493886237079 663.7901386256588 458.1089484350774 97.32878344875633
84.07828571511322 784.7571469553567 177.87487393800706 47.171023597640705
315.0009668112456 830.936462973794 704.0243359763178 52.969510725728
592.2296796116718 2.083770983996147 124.58492787551224 18.657069028184647
839.6976759082924 733.7451357906566 762.0472783081746 80.73622750331138
829.5657451458476 30.715380014007977 825.9170409573168 70.57633229562225
338.5458317155987 224.49167369509325 624.7995736118022 35.588678761135995
444.10027901127523 852.2129001544369 994.3679250970058 43.50648777184997
803.5456363401835 206.24353444303424 88.67685240013668 62.537337073545864
946.7798776772369 74.00402083791913 61.7917025320196 43.33224812804739
21.66078621144596 849.2999058292701 159.08310008106474 40.407817325337604
157.73772353218473 896.5519857085204 24.915377051403787 38.26396725212361
695.9693235173062 835.3502475625817 973.4818480339461 36.89971109271723
131.92517598878973 704.6253895668506 497.0552599276675 25.528583116475712
501.09032280684517 466.649349552962 742.1401508258211 81.48842232887075
547.5985161576946 801.1534061269922 247.36663617496623 34.49475205179595
604.8583813903778 315.44492567650593 813.6066002107145 21.204982207555222
103.1586309165593 49.82253527563418 60.82048252427563 21.03206097443664
430.38064147345847 668.4858443790295 145.7358605153619 59.518875985146295
341.58747439712823 528.1275219474816 839.0780501212671 60.00615786516551
715.736408857096 379.59267296084374 687.3580861740867 10.818553544576059
310.34984127163335 256.27739161369266 705.2762406722503 42.28861813767226
588.4032803293862 971.6067999982213 345.1870752732967 5.321867402850911
889.947848167308 938.3741056280533 457.89066253913467 46.63784446372689
867.4988810284061 689.85833909594 330.4391885310273 87.85732734032489
810.2470712117639 718.5385708326756 847.007137268995 91.49856893634986
883.6877563632878 100.548707313031 482.39884314495305 26.95043272515565
467.03220603518247 840.4537575126758 154.26212597822308 96.46220610719216
897.7449028704272 337.6377449765755 315.91875015718176 8.570208708712556
860.738883094663 521.2420627807959 33.99843623923859 55.32083256902246
996.4728585248472 850.1427595278068 906.1524280185678 93.39520123786599
366.3380316866371 784.5063775794383 18.30317545594773 22.39321961734957
193.4395884222746 544.7126535782071 299.53927028016756 13.79758229028365
750.1927158393337 825.3810688726976 565.0261742488717 55.53520878118856
106.65045579858068 682.2261560280533 908.9427632740145 13.107715414913457
644.5210052801735 590.333023559404 983.3307033939025 36.72278765759304
439.34244856245175 249.75214086286178 658.5186432531915 85.4490862340177
21.001466984657657 291.65355624719444 707.0117001283605 99.6929727766554
22.880913507042912 756.7529173884702 85.54874715432825 67.59457291649582
